{
 "cells": [
  {
   "cell_type": "code",
   "execution_count": 13,
   "id": "20dc7130-5fab-4b90-a279-57668cf4a37a",
   "metadata": {},
   "outputs": [],
   "source": [
    "import numpy as np\n",
    "from sklearn.metrics.pairwise import cosine_similarity\n",
    "\n",
    "import pandas as pd"
   ]
  },
  {
   "cell_type": "code",
   "execution_count": 16,
   "id": "1693339e-3b9a-45a5-9d71-5cd2c2095937",
   "metadata": {},
   "outputs": [],
   "source": [
    "df = pd.read_csv('/Users/tranvietanh/PycharmProjects/WebSite/model/data_collaborative.csv', sep=';')"
   ]
  },
  {
   "cell_type": "code",
   "execution_count": 17,
   "id": "5b825de9-3acf-466e-884f-57f406cc8f74",
   "metadata": {},
   "outputs": [
    {
     "data": {
      "text/html": [
       "<div>\n",
       "<style scoped>\n",
       "    .dataframe tbody tr th:only-of-type {\n",
       "        vertical-align: middle;\n",
       "    }\n",
       "\n",
       "    .dataframe tbody tr th {\n",
       "        vertical-align: top;\n",
       "    }\n",
       "\n",
       "    .dataframe thead th {\n",
       "        text-align: right;\n",
       "    }\n",
       "</style>\n",
       "<table border=\"1\" class=\"dataframe\">\n",
       "  <thead>\n",
       "    <tr style=\"text-align: right;\">\n",
       "      <th></th>\n",
       "      <th>Unnamed: 0</th>\n",
       "      <th>meet</th>\n",
       "      <th>zalo</th>\n",
       "      <th>tiki</th>\n",
       "      <th>facebook</th>\n",
       "      <th>viblo</th>\n",
       "      <th>youtube</th>\n",
       "      <th>momo</th>\n",
       "      <th>twitter</th>\n",
       "    </tr>\n",
       "  </thead>\n",
       "  <tbody>\n",
       "    <tr>\n",
       "      <th>0</th>\n",
       "      <td>Nam</td>\n",
       "      <td>2.0</td>\n",
       "      <td>5.0</td>\n",
       "      <td>NaN</td>\n",
       "      <td>2.0</td>\n",
       "      <td>3.0</td>\n",
       "      <td>NaN</td>\n",
       "      <td>5.0</td>\n",
       "      <td>NaN</td>\n",
       "    </tr>\n",
       "    <tr>\n",
       "      <th>1</th>\n",
       "      <td>Anh</td>\n",
       "      <td>3.0</td>\n",
       "      <td>5.0</td>\n",
       "      <td>1.0</td>\n",
       "      <td>3.0</td>\n",
       "      <td>5.0</td>\n",
       "      <td>NaN</td>\n",
       "      <td>2.0</td>\n",
       "      <td>NaN</td>\n",
       "    </tr>\n",
       "    <tr>\n",
       "      <th>2</th>\n",
       "      <td>Hoa</td>\n",
       "      <td>4.0</td>\n",
       "      <td>NaN</td>\n",
       "      <td>1.0</td>\n",
       "      <td>4.0</td>\n",
       "      <td>4.0</td>\n",
       "      <td>3.0</td>\n",
       "      <td>3.0</td>\n",
       "      <td>3.0</td>\n",
       "    </tr>\n",
       "    <tr>\n",
       "      <th>3</th>\n",
       "      <td>Mai</td>\n",
       "      <td>1.0</td>\n",
       "      <td>1.0</td>\n",
       "      <td>NaN</td>\n",
       "      <td>NaN</td>\n",
       "      <td>2.0</td>\n",
       "      <td>NaN</td>\n",
       "      <td>3.0</td>\n",
       "      <td>NaN</td>\n",
       "    </tr>\n",
       "    <tr>\n",
       "      <th>4</th>\n",
       "      <td>Bao</td>\n",
       "      <td>NaN</td>\n",
       "      <td>NaN</td>\n",
       "      <td>5.0</td>\n",
       "      <td>3.0</td>\n",
       "      <td>3.0</td>\n",
       "      <td>4.0</td>\n",
       "      <td>2.0</td>\n",
       "      <td>5.0</td>\n",
       "    </tr>\n",
       "    <tr>\n",
       "      <th>5</th>\n",
       "      <td>Nga</td>\n",
       "      <td>4.0</td>\n",
       "      <td>NaN</td>\n",
       "      <td>2.0</td>\n",
       "      <td>2.0</td>\n",
       "      <td>NaN</td>\n",
       "      <td>4.0</td>\n",
       "      <td>2.0</td>\n",
       "      <td>3.0</td>\n",
       "    </tr>\n",
       "    <tr>\n",
       "      <th>6</th>\n",
       "      <td>Binh</td>\n",
       "      <td>5.0</td>\n",
       "      <td>2.0</td>\n",
       "      <td>NaN</td>\n",
       "      <td>NaN</td>\n",
       "      <td>1.0</td>\n",
       "      <td>5.0</td>\n",
       "      <td>5.0</td>\n",
       "      <td>3.0</td>\n",
       "    </tr>\n",
       "    <tr>\n",
       "      <th>7</th>\n",
       "      <td>Phuc</td>\n",
       "      <td>3.0</td>\n",
       "      <td>3.0</td>\n",
       "      <td>NaN</td>\n",
       "      <td>4.0</td>\n",
       "      <td>4.0</td>\n",
       "      <td>NaN</td>\n",
       "      <td>3.0</td>\n",
       "      <td>2.0</td>\n",
       "    </tr>\n",
       "    <tr>\n",
       "      <th>8</th>\n",
       "      <td>Long</td>\n",
       "      <td>NaN</td>\n",
       "      <td>4.0</td>\n",
       "      <td>2.0</td>\n",
       "      <td>3.0</td>\n",
       "      <td>5.0</td>\n",
       "      <td>1.0</td>\n",
       "      <td>5.0</td>\n",
       "      <td>NaN</td>\n",
       "    </tr>\n",
       "    <tr>\n",
       "      <th>9</th>\n",
       "      <td>Hong</td>\n",
       "      <td>5.0</td>\n",
       "      <td>NaN</td>\n",
       "      <td>2.0</td>\n",
       "      <td>1.0</td>\n",
       "      <td>3.0</td>\n",
       "      <td>NaN</td>\n",
       "      <td>NaN</td>\n",
       "      <td>4.0</td>\n",
       "    </tr>\n",
       "  </tbody>\n",
       "</table>\n",
       "</div>"
      ],
      "text/plain": [
       "  Unnamed: 0  meet  zalo  tiki  facebook  viblo  youtube  momo  twitter\n",
       "0        Nam   2.0   5.0   NaN       2.0    3.0      NaN   5.0      NaN\n",
       "1        Anh   3.0   5.0   1.0       3.0    5.0      NaN   2.0      NaN\n",
       "2        Hoa   4.0   NaN   1.0       4.0    4.0      3.0   3.0      3.0\n",
       "3        Mai   1.0   1.0   NaN       NaN    2.0      NaN   3.0      NaN\n",
       "4        Bao   NaN   NaN   5.0       3.0    3.0      4.0   2.0      5.0\n",
       "5        Nga   4.0   NaN   2.0       2.0    NaN      4.0   2.0      3.0\n",
       "6       Binh   5.0   2.0   NaN       NaN    1.0      5.0   5.0      3.0\n",
       "7       Phuc   3.0   3.0   NaN       4.0    4.0      NaN   3.0      2.0\n",
       "8       Long   NaN   4.0   2.0       3.0    5.0      1.0   5.0      NaN\n",
       "9       Hong   5.0   NaN   2.0       1.0    3.0      NaN   NaN      4.0"
      ]
     },
     "execution_count": 17,
     "metadata": {},
     "output_type": "execute_result"
    }
   ],
   "source": [
    "df"
   ]
  },
  {
   "cell_type": "code",
   "execution_count": 23,
   "id": "eee83735-539f-4167-b633-a601f6157a76",
   "metadata": {},
   "outputs": [
    {
     "data": {
      "text/plain": [
       "array([[1.  , 0.89, 0.6 , 0.88, 0.33, 0.37, 0.62, 0.86, 0.9 , 0.35],\n",
       "       [0.89, 1.  , 0.68, 0.73, 0.41, 0.39, 0.5 , 0.91, 0.86, 0.55],\n",
       "       [0.6 , 0.68, 1.  , 0.62, 0.76, 0.84, 0.77, 0.85, 0.67, 0.77],\n",
       "       [0.88, 0.73, 0.62, 1.  , 0.33, 0.35, 0.66, 0.75, 0.84, 0.38],\n",
       "       [0.33, 0.41, 0.76, 0.33, 1.  , 0.75, 0.54, 0.54, 0.57, 0.6 ],\n",
       "       [0.37, 0.39, 0.84, 0.35, 0.75, 1.  , 0.86, 0.55, 0.37, 0.7 ],\n",
       "       [0.62, 0.5 , 0.77, 0.66, 0.54, 0.86, 1.  , 0.61, 0.51, 0.57],\n",
       "       [0.86, 0.91, 0.85, 0.75, 0.54, 0.55, 0.61, 1.  , 0.83, 0.66],\n",
       "       [0.9 , 0.86, 0.67, 0.84, 0.57, 0.37, 0.51, 0.83, 1.  , 0.33],\n",
       "       [0.35, 0.55, 0.77, 0.38, 0.6 , 0.7 , 0.57, 0.66, 0.33, 1.  ]])"
      ]
     },
     "execution_count": 23,
     "metadata": {},
     "output_type": "execute_result"
    }
   ],
   "source": [
    "item = list(df.columns)\n",
    "user = list(df['Unnamed: 0'])\n",
    "data_matrix = df[item[1:]].fillna(0).values\n",
    "Sim = cosine_similarity(data_matrix,data_matrix)\n",
    "Sim = np.round(Sim, decimals = 2)\n",
    "Sim"
   ]
  },
  {
   "cell_type": "code",
   "execution_count": 24,
   "id": "1e30380b-ddb8-4a23-83a1-51104706d977",
   "metadata": {},
   "outputs": [
    {
     "data": {
      "text/html": [
       "<div>\n",
       "<style scoped>\n",
       "    .dataframe tbody tr th:only-of-type {\n",
       "        vertical-align: middle;\n",
       "    }\n",
       "\n",
       "    .dataframe tbody tr th {\n",
       "        vertical-align: top;\n",
       "    }\n",
       "\n",
       "    .dataframe thead th {\n",
       "        text-align: right;\n",
       "    }\n",
       "</style>\n",
       "<table border=\"1\" class=\"dataframe\">\n",
       "  <thead>\n",
       "    <tr style=\"text-align: right;\">\n",
       "      <th></th>\n",
       "      <th>Nam</th>\n",
       "      <th>Anh</th>\n",
       "      <th>Hoa</th>\n",
       "      <th>Mai</th>\n",
       "      <th>Bao</th>\n",
       "      <th>Nga</th>\n",
       "      <th>Binh</th>\n",
       "      <th>Phuc</th>\n",
       "      <th>Long</th>\n",
       "      <th>Hong</th>\n",
       "    </tr>\n",
       "  </thead>\n",
       "  <tbody>\n",
       "    <tr>\n",
       "      <th>Nam</th>\n",
       "      <td>1.00</td>\n",
       "      <td>0.89</td>\n",
       "      <td>0.60</td>\n",
       "      <td>0.88</td>\n",
       "      <td>0.33</td>\n",
       "      <td>0.37</td>\n",
       "      <td>0.62</td>\n",
       "      <td>0.86</td>\n",
       "      <td>0.90</td>\n",
       "      <td>0.35</td>\n",
       "    </tr>\n",
       "    <tr>\n",
       "      <th>Anh</th>\n",
       "      <td>0.89</td>\n",
       "      <td>1.00</td>\n",
       "      <td>0.68</td>\n",
       "      <td>0.73</td>\n",
       "      <td>0.41</td>\n",
       "      <td>0.39</td>\n",
       "      <td>0.50</td>\n",
       "      <td>0.91</td>\n",
       "      <td>0.86</td>\n",
       "      <td>0.55</td>\n",
       "    </tr>\n",
       "    <tr>\n",
       "      <th>Hoa</th>\n",
       "      <td>0.60</td>\n",
       "      <td>0.68</td>\n",
       "      <td>1.00</td>\n",
       "      <td>0.62</td>\n",
       "      <td>0.76</td>\n",
       "      <td>0.84</td>\n",
       "      <td>0.77</td>\n",
       "      <td>0.85</td>\n",
       "      <td>0.67</td>\n",
       "      <td>0.77</td>\n",
       "    </tr>\n",
       "    <tr>\n",
       "      <th>Mai</th>\n",
       "      <td>0.88</td>\n",
       "      <td>0.73</td>\n",
       "      <td>0.62</td>\n",
       "      <td>1.00</td>\n",
       "      <td>0.33</td>\n",
       "      <td>0.35</td>\n",
       "      <td>0.66</td>\n",
       "      <td>0.75</td>\n",
       "      <td>0.84</td>\n",
       "      <td>0.38</td>\n",
       "    </tr>\n",
       "    <tr>\n",
       "      <th>Bao</th>\n",
       "      <td>0.33</td>\n",
       "      <td>0.41</td>\n",
       "      <td>0.76</td>\n",
       "      <td>0.33</td>\n",
       "      <td>1.00</td>\n",
       "      <td>0.75</td>\n",
       "      <td>0.54</td>\n",
       "      <td>0.54</td>\n",
       "      <td>0.57</td>\n",
       "      <td>0.60</td>\n",
       "    </tr>\n",
       "    <tr>\n",
       "      <th>Nga</th>\n",
       "      <td>0.37</td>\n",
       "      <td>0.39</td>\n",
       "      <td>0.84</td>\n",
       "      <td>0.35</td>\n",
       "      <td>0.75</td>\n",
       "      <td>1.00</td>\n",
       "      <td>0.86</td>\n",
       "      <td>0.55</td>\n",
       "      <td>0.37</td>\n",
       "      <td>0.70</td>\n",
       "    </tr>\n",
       "    <tr>\n",
       "      <th>Binh</th>\n",
       "      <td>0.62</td>\n",
       "      <td>0.50</td>\n",
       "      <td>0.77</td>\n",
       "      <td>0.66</td>\n",
       "      <td>0.54</td>\n",
       "      <td>0.86</td>\n",
       "      <td>1.00</td>\n",
       "      <td>0.61</td>\n",
       "      <td>0.51</td>\n",
       "      <td>0.57</td>\n",
       "    </tr>\n",
       "    <tr>\n",
       "      <th>Phuc</th>\n",
       "      <td>0.86</td>\n",
       "      <td>0.91</td>\n",
       "      <td>0.85</td>\n",
       "      <td>0.75</td>\n",
       "      <td>0.54</td>\n",
       "      <td>0.55</td>\n",
       "      <td>0.61</td>\n",
       "      <td>1.00</td>\n",
       "      <td>0.83</td>\n",
       "      <td>0.66</td>\n",
       "    </tr>\n",
       "    <tr>\n",
       "      <th>Long</th>\n",
       "      <td>0.90</td>\n",
       "      <td>0.86</td>\n",
       "      <td>0.67</td>\n",
       "      <td>0.84</td>\n",
       "      <td>0.57</td>\n",
       "      <td>0.37</td>\n",
       "      <td>0.51</td>\n",
       "      <td>0.83</td>\n",
       "      <td>1.00</td>\n",
       "      <td>0.33</td>\n",
       "    </tr>\n",
       "    <tr>\n",
       "      <th>Hong</th>\n",
       "      <td>0.35</td>\n",
       "      <td>0.55</td>\n",
       "      <td>0.77</td>\n",
       "      <td>0.38</td>\n",
       "      <td>0.60</td>\n",
       "      <td>0.70</td>\n",
       "      <td>0.57</td>\n",
       "      <td>0.66</td>\n",
       "      <td>0.33</td>\n",
       "      <td>1.00</td>\n",
       "    </tr>\n",
       "  </tbody>\n",
       "</table>\n",
       "</div>"
      ],
      "text/plain": [
       "       Nam   Anh   Hoa   Mai   Bao   Nga  Binh  Phuc  Long  Hong\n",
       "Nam   1.00  0.89  0.60  0.88  0.33  0.37  0.62  0.86  0.90  0.35\n",
       "Anh   0.89  1.00  0.68  0.73  0.41  0.39  0.50  0.91  0.86  0.55\n",
       "Hoa   0.60  0.68  1.00  0.62  0.76  0.84  0.77  0.85  0.67  0.77\n",
       "Mai   0.88  0.73  0.62  1.00  0.33  0.35  0.66  0.75  0.84  0.38\n",
       "Bao   0.33  0.41  0.76  0.33  1.00  0.75  0.54  0.54  0.57  0.60\n",
       "Nga   0.37  0.39  0.84  0.35  0.75  1.00  0.86  0.55  0.37  0.70\n",
       "Binh  0.62  0.50  0.77  0.66  0.54  0.86  1.00  0.61  0.51  0.57\n",
       "Phuc  0.86  0.91  0.85  0.75  0.54  0.55  0.61  1.00  0.83  0.66\n",
       "Long  0.90  0.86  0.67  0.84  0.57  0.37  0.51  0.83  1.00  0.33\n",
       "Hong  0.35  0.55  0.77  0.38  0.60  0.70  0.57  0.66  0.33  1.00"
      ]
     },
     "execution_count": 24,
     "metadata": {},
     "output_type": "execute_result"
    }
   ],
   "source": [
    "pd.DataFrame(Sim, columns=user, index=user)"
   ]
  },
  {
   "cell_type": "code",
   "execution_count": null,
   "id": "d0e77c15-8374-486b-bb27-5a38a5ce6616",
   "metadata": {},
   "outputs": [],
   "source": []
  }
 ],
 "metadata": {
  "kernelspec": {
   "display_name": "Python 3 (ipykernel)",
   "language": "python",
   "name": "python3"
  },
  "language_info": {
   "codemirror_mode": {
    "name": "ipython",
    "version": 3
   },
   "file_extension": ".py",
   "mimetype": "text/x-python",
   "name": "python",
   "nbconvert_exporter": "python",
   "pygments_lexer": "ipython3",
   "version": "3.9.6"
  }
 },
 "nbformat": 4,
 "nbformat_minor": 5
}
